12678
51654
3289
19349
3995
40369
4863
11996
22668
3213
2868
41796
2367
2182
5029
11933
2769
11521
11955
33919
23830
45435
21178
10345
22849
72154
1243
11430
37977
8978
1399
39150
35689
53396
11086
53188
33967
45640
2236
912
20321
26550
20483
10727
12655
657
37112
10507
400
34096
24966
153686
85072
32192
18878
25323
16227
67070
28890
2213
52554
39333
3728
12434
44004
17725
14098
49520
3491
3519
13108
42957
47144
26364
8849
35480
7448
11071
16319
5351
61602
8681
15173
22770
2395
419
49554
1181
3328
16274
46023
2556
36165
32384
4308
1728
31489
13059
32917
11278
27876
1007
9791
67669
4979
80610
29146
26238
91057
85895
17214
4955
27156
32773
44094
3328
955
52957
43127
77793
10135
7806
24021
11585
28748
16751
45370
10257
8986
5422
27
34557
5518
5944
20969
21424
7173
1050
102183
30531
12311
2235
3715
5969
9307
79837
26311
4492
7195
21746
12176
1019
9311
8114
76333
38084
874
5885
12777
21235
35561
55282
2702
16804
27348
4452
10946
13712
2893
26133
28355
15780
5333
5307
5074
6171
1755
28728
2638
21589
1292
5646
10627
23173
5759
56712
12866
6095
8760
39486
10553
21834
1736
4684
64359
17386
4675
13635
37857
11665
3598
8146
6057
59490
21161
13310
6492
79634
2042
6804
17688
5088
18378
7684
6325
4105
22220
22693
3459
16625
2221
55491
1562
5383
76550
5759
24817
79915
4416
29440
5394
10852
66412
1947
32837
25936
52906
34782
18953
16932
118470
23107
14073
2405
24849
7927
54263
4217
33070
17382
33806
3492
11517
9884
2476
14544
102196
12973
74073
27512
45730
19254
3113
32423
46887
42150
6245
4077
27432
949
39630
29320
3161
30660
90346
2199
22072
34604
320
3682
13898
19233
24467
22995
1351
202149
10063
32546
683
48661
66532
24607
2747
80209
2257
18688
9931
24118
65155
8836
18810
19239
18844
32064
17092
2463
3279
18559
9451
6480
2721
3210
32815
17156
2810
30617
29594
31258
39691
14610
28508
14334
41013
13950
4181
21091
3759
11425
71241
5291
44098
4315
12540
29638
10980
25902
26381
14578
59501
5306
16592
37421
18324
108353
13876
35605
42067
8971
24859
14447
5215
18529
17462
44564
10669
43948
3271
46056
2880
4235
5176
65892
34260
2610
31643
2128
54840
23362
1518
2716
3411
19110
14685
20001
3033
17141
5093
39048
19232
1520
7174
16135
5873
32940
30212
4458
351
65559
5040
24300
21307
17381
3353
57080
46959
61303
13674
12148
15832
16149
9506
44726
47526
5090
32275
47047
13882
7766
15573
12161
25541
41999
10646
1284
30447
25335
59174
12806
41862
31988
20906
49137
36032
1732
23000
12283
43173
24068
17317
9944
27131
6578
12081
61479
45439
26614
14804
740
3773
3379
10311
26987
3871
58452
6919
41986
16881
12848
14686
26478
6116
21235
9892
33286
63363
6987
14828
9206
4755
525
16247
58944
12721
2020
35467
15368
15968
10393
12243
3387
26892
20038
36213
43926
11062
47300
14445
79688
52561
7801
22608
480
8608
5497
28351
42693
23802
4163
4008
7584
11213
41416
19123
28584
85200
9897
48857
63526
25181
35942
45318
11193
1675
44029
62380
24229
19698
5870
8396
15990
934
42544
11340
4674
2328
178882
11814
32624
53139
47852
14159
14975
6972
79590
14387
43118
25618
3929
27362
98662
6701
104626
5707
6530
4859
28503
520
24937
1127
51347
3798
37891
1221
1349
3795
1146
12858
12159
20579
34600
38934
29299
32325
10016
45877
4119
5324
27886
10424
32370
11464
13976
14920
12141
9760
10217
312
887
2020
6966
4540
9529
14835
23507
38428
227
1583
34307
25127
43389
21272
1878
4206
5473
2025
57040
43574
20069
12906
10794
21535
26829
6812
42557
62706
26468
24156
4738
13242
3516
10736
10824
4436
15708
23096
99783
18507
12431
4478
33301
2084
5007
11562
32508
23911
30296
74018
49799
20344
2320
20241
49463
23170
25235
18800
21942
11085
1965
66635
12296
78433
43421
19024
95038
17713
12733
11614
23541
4672
52733
8195
9049
1724
73865
34402
22874
53256
80
66706
18584
623
8635
41693
3622
1313
5326
38878
7539
8521
31374
743
2746
1774
8745
26294
9825
8550
31308
6108
19273
10684
80117
23948
2677
825
12517
11132
31065
7568
6823
73661
12316
8042
115299
29086
26198
8367
409
34970
4636
5752
26281
1388
22058
10463
21300
37624
665
1483
35250
9765
80405
11157
38140
5400
8103
2140
103958
11797
23636
10565
5508
9736
16843
2083
19793
18244
2091
47174
3306
5409
1746
27180
14951
21738
5311
14700
172
15897
21269
22247
16545
14106
3204
24765
35443
47439
17445
14769
8149
800
12704
6597
32293
26843
21646
31340
14837
20276
6223
6064
37975
9795
11923
4565
35614
19354
14865
26615
2732
252
4992
19573
5175
9770
284
3561
27359
8640
21049
30832
1891
29135
15420
16930
11386
11015
97916
3763
2931
66590
6978
19074
3595
5088
11897
18130
18668
26545
16609
10156
23427
5049
26294
15515
41221
2941
20129
10299
35627
21663
45507
24252
30808
2921
1881
1804
13477
61251
2786
8677
31167
6325
6601
5420
14710
16716
46002
11229
174
67165
35564
920
286
6218
29228
582750
7754
6888
59349
7070
16767
23145
13137
50495
31058
39208
18014
20816
188
812
414
32020
9478
391
28852
46535
16082
19325
28610
1526
10160
24771
36466
10783
24841
1292
14743
2971
6142
11820
1011
36701
1578
4311
3292
13623
27157
38920
11270
44305
22982
11313
10918
20502
62835
49957
39004
18965
5113
22642
8618
16202
8831
8718
14878
32338
3184
16385
2868
18364
39806
48051
14886
6229
20159
36035
3365
40951
5357
30381
598
27990
36253
7057
12583
13002
23892
14091
8650
9616
12241
5978
17094
33867
8477
4164
10121
27579
45839
10066
1754
2723
2122
91271
23446
7161
5971
15848
13062
81669
15963
36182
8575
45937
1705
37694
17070
78897
14492
99606
7666
30638
7597
4467
16622
9220
13125
19788
13590
74
38582
53803
390
2988
2720
488
51700
38970
52284
2138
223
51208
32613
17649
40784
128906
2487
2778
20542
9276
37832
34000
20263
79247
9904
7927
8493
3145
6063
3447
53509
22492
30708
15258
21657
1612
69821
2282
11683
23129
32319
7595
32359
3870
5981
8177
55174
3608
77502
1041
4415
6044
35338
9698
1935
51933
14454
58202
2462
107196
3165
15341
12390
9853
7701
23028
391
1964
8315
22559
27395
22576
15570
21501
4671
345
2010
12896
11594
12424
5986
35275
9545
35587
7403
9783
19709
30582
12320
4593
8566
2496
26533
59690
10950
3945
38587
552
2805
4697
57235
24227
1348
60867
9254
744
40644
9948
433
7032
4962
2342
64271
4398
8039
4189
27115
5448
19226
16388
8128
81302
11610
14321
19715
31934
33754
11103
81855
3984
16984
7287
32873
43630
18370
31452
35831
8774
13952
10000
21573
42343
17125
85671
34291
31831
31944
59799
18014
18728
26024
6654
25792
28846
11924
34955
8572
10542
39058
21413
199
39970
9284
43330
67960
9102
56170
61383
4947
4597
83833
59978
12654
11221
84071
1821
3851
20123
1199
3463
28314
10404
50115
74310
13758
48785
7639
9709
29035
3022
11539
7970
44616
7145
20959
16796
11307
3814
2657
8512
61635
3651
3150
48527
45420
16827
6358
24457
95166
41182
619
6689
15475
45936
15231
8608
16193
5475
62397
75180
4413
53752
4447
4798
73786
3377
20696
5848
5852
23510
26311
33917
14672
4703
62021
42907
33616
6204
27145
102465
47225
1545
22963
27372
11863
5562
36364
2885
2130
31534
631
6867
20070
15506
17297
14226
40495
4473
36768
5926
92465
11432
43513
2343
3080
2175
43718
74257
35940
22444
22474
45785
1845
8527
8691
6705
28939
52660
22830
16672
64403
192331
18297
30158
2646
24211
4623
21296
11110
25370
23761
43752
15515
1632
9139
17275
17906
21187
29947
7497
14823
9501
7743
48525
4916
52120
2994
4027
31422
508695
16492
68602
4913
8171
3157
18075
23726
98071
21349
1621
389
22307
446
80855
19068
60394
62048
3067
112879
8144
14856
74061
31959
39576
24977
13269
21628
245252
19805
93212
51684
18875
23005
43307
24
10444
1609
1984
1430
16664
4630
24226
12143
28180
15528
6247
11641
2911
55203
38557
10129
5210
15986
4682
123787
7378
153
17529
28577
73536
8610
5567
13555
9463
19249
2613
58079
117901
4291
6290
4007
1291
2277
25168
3253
71882
9372
2105
31482
27720
726
6532
54489
4485
51346
40950
29555
10941
2278
6809
38864
10020
12361
24428
2650
2818
31001
7365
1359
74187
7990
15255
12913
7291
91758
37489
60746
4932
6539
13879
42233
13414
12675
10528
36771
1093
9899
55015
6809
33758
7428
1612
48252
38011
19454
16294
8187
12091
23366
16839
64257
2544
24383
24479
16426
19334
9585
36891
39786
6131
44946
7463
1290
9614
4481
31407
9722
145833
46964
28822
51296
6850
6333
38752
63915
19040
57772
6651
5115
7453
34127
9418
4082
19459
50222
15995
12707
24780
26387
38386
60239
39570
84846
29723
8609
58183
24499
24625
523
20160
4528
34656
36244
36368
17786
16405
8853
35489
25742
6430
17349
76268
11667
122922
33888
39976
43828
118914
18732
58537
12713
19711
345
8768
19178
4975
7404
6676
21822
58602
5851
10435
54929
17019
32285
5308
46684
41691
19908
23527
16201
2315
2724
8748
80166
31554
11671
11264
4881
10358
11340
15336
18117
7989
42578
3502
17153
770
6308
31876
391
14573
35806
32932
17741
27355
8538
24139
2271
12596
5271
2495
24057
33706
3393
69213
10139
36425
3619
10109
23327
57068
83173
2517
107992
7345
6302
74789
3830
869
38535
27886
22889
26899
6539
19770
1808
17933
20238
44184
527
44763
1344
16679
34551
14040
6012
3623
39325
95250
5714
23831
1893
19376
3983
28510
38357
9205
54384
23177
11665
26685
9232
18473
10984
15897
40963
2309
14881
29941
55055
1697
62760
14367
19486
60641
22468
4558
6002
16553
28151
6821
9060
47
9778
4062
20118
38143
2161
59701
141
54625
46604
3495
506
62658
12164
4538
6544
13752
43852
532
3886
37861
45493
39225
29217
3300
9927
3792
30183
12097
60803
47731
36324
30575
36692
15409
11564
17825
18795
1454
14804
40989
18930
70573
57792
13936
68111
69160
4423
33943
10804
28055
450400
8340
21447
267
26516
15924
25278
52723
11114
2006
4217
10250
14639
6776
212901
3010
30005
17650
858
58263
2823
96117
10572
19950
17957
6207
47324
8613
17417
1136
94166
33459
1664
31091
17076
25154
9050
17740
28050
2911
59457
20442
42327
5349
100027
7857
39363
65319
66000
17039
18045
7247
11405
11040
8686
21810
8305
4850
1710
2997
15430
32075
36275
38347
66508
5851
1113
29446
10530
5345
23027
7749
87657
14072
39840
9468
82029
55259
4649
13518
20464
25000
6330
20704
678
4924
18580
32654
25493
1353
16537
12371
5901
6322
8428
31055
2920
15636
71046
64639
10127
97023
759
669
20451
2181
52507
8458
17207
7361
25781
36672
3972
24062
1122
122435
8681
4054
3026
20068
2371
4766
2556
241
13334
44114
8822
4612
36760
12052
12242
4202
9964
26216
163
5745
17449
57858
89545
7014
35358
3348
41121
22604
17722
18630
1461
39928
4944
37748
12433
151104
25831
1983
6881
37469
21902
38573
21903
24069
22279
3975
31382
10513
10907
294
1581
46460
9277
9164
1721
23652
27531
2155
37038
19669
7018
13041
28109
2406
1719
10351
14217
15531
19172
25310
6632
51456
583
42740
11780
15431
6861
6301
70561
11182
22265
52576
30731
27581
1673
8340
104510
23633
36974
19868
3482
21165
15007
24430
23191
22196
11677
14328
49287
3258
3938
9597
8113
10743
15496
18325
15190
17674
33337
4513
154694
14247
10909
18303
65895
17959
57175
42500
38353
12214
9470
24396
11165
736
26524
404
10930
49796
127813
20552
25202
7643
91324
31125
11742
63899
55335
18029
5306
18339
27492
148385
40005
16231
32178
7147
2592
12919
13140
2827
2710
430
4022
14320
10098
9671
5166
19552
31146
29273
2788
6916
24149
2694
11103
8092
62285
51092
15608
9100
3081
11068
71165
13356
3647
2807
2744
330
865
14291
21935
10626
52158
3486
9903
16587
5420
31361
11855
6725
80299
26174
7342
72765
33667
37480
673015
15710
90201
34401
36184
56201
13696
54573
11094
69290
72252
9233
7155
29569
17800
12706
25068
21131
9803
17950
21941
25660
6680
13682
28115
4796
22664
4796
40491
41841
1148
19945
23528
62487
12601
3115
13936
5418
5801
26951
3600
10798
38885
4582
13418
11137
36697
3526
18519
69547
7079
7201
12527
58167
15604
30360
7811
38869
7473
12841
7926
4156
9740
11968
32825
2151
35491
2863
30222
3617
6627
12691
37438
13938
48462
59291
74753
40628
14934
20653
8479
46137
7879
20923
47204
43566
73250
31003
19349
30181
44891
154550
11980
15542
44995
15535
19603
44819
39764
10447
31339
18054
35446
2204
5083
904
24842
2065
27004
8890
21655
35010
1206
401
46522
32469
10098
60586
30719
658
13646
7476
43328
7752
84645
21847
10166
17300
32010
42844
43246
8891
15543
33037
79150
50674
687
1116
19754
5536
6882
44605
5323
9479
35404
66756
74788
10621
59366
15414
37640
44801
7316
51339
4123
23073
12517
6665
4704
26047
17249
11347
41227
2149
21690
1375
106348
58181
5772
5407
5385
12056
87634
6286
22480
49371
73720
15179
16370
25392
12828
15669
19297
7131
19591
5438
37887
5634
3157
15495
21
8333
22239
10050
6572
349
50983
28737
1099
20839
886
17164
9278
20069
18694
50534
27558
3650
29838
55676
24444
13678
11992
808
4500
43059
18248
53553
7498
26844
15853
90601
7341
14227
51973
24531
23491
387
17229
63633
229
40719
55650
15614
27612
15223
18598
12188
21174
39515
503
44587
27112
33849
29235
19405
19969
8351
7606
7523
28479
20125
35679
45072
17650
3484
35340
18648
97610
24985
3559
14169
45146
68402
1790
1715
18895
14313
19154
56313
14556
4693
8742
78344
36156
12632
63834
75454
9599
32667
300696
22947
35574
13686
25506
14339
10670
6322
14027
26632
32781
378
17555
65288
48105
10695
51574
11937
65363
117073
4418
1542
33313
13750
5079
8429
14170
3033
14501
4916
4665
35985
13870
9385
11118
31401
19117
32462
3958
8905
29810
42172
37261
4761
5130
1820
18847
1052
106139
8443
25128
61262
24161
56254
12049
51294
23008
17346
32064
14693
13965
50703
8361
6454
2196
26646
82283
15426
28312
16740
19141
2017
29997
16041
49222
27223
20075
15084
8922
20632
1834
14376
3496
18160
11960
14129
23171
27331
645
34569
6326
25523
11936
19575
13214
33975
20279
16383
33508
23811
91893
7849
37868
21144
9280
3419
1174
17418
2408
9277
56188
7378
19776
12603
47421
7872
4595
75935
22732
19806
74
9634
29341
76702
19578
24707
24130
3550
4670
15807
23618
7310
14638
1525
22565
9029
8364
5638
28785
4
48803
29436
21569
22794
92010
8051
32183
8208
20
178
48642
3651
70047
1834
26748
43378
2598
5385
55449
7577
3344
8503
33147
12171
38634
29307
1029
36743
6190
330
16050
7623
8261
37776
3618
58581
61653
6550
1964
26398
46209
8814
8583
262
9114
18176
17676
946
56916
13046
11169
1877
5012
12380
76
30615
6597
6015
43554
4068
5075
3035
40342
36175
6060
25535
11334
8270
2403
28430
9278
17250
5613
9424
3801
23750
26055
73409
17553
4051
9127
70616
16269
61551
43299
27919
1869
66475
13805
19572
45566
11004
4194
32854
6166
6381
1084
77543
35599
31174
34002
10080
27583
25722
2700
16763
18168
214
13662
36185
17381
5601
14142
35753
34686
1275
7641
38139
14446
51809
2609
13820
54361
6287
4745
35787
15657
14602
11143
7359
17703
28146
5884
38627
10216
6008
4654
12204
64631
50892
16498
6213
12683
35095
10234
3164
9119
16498
3098
5976
1354
16488
5862
28865
19074
1725
7815
15995
13170
874
25699
6759
17024
19511
37897
3835
15875
42328
9703
14562
4590
1034
14745
9050
10744
89592
50470
38488
5575
1073
574744
3820
17374
12646
5882
18752
25965
6664
3957
3990
17825
17619
10765
16229
70
38376
38234
2231
2424
28746
5926
21735
11947
612
27826
45822
33029
3926
10271
21470
15718
20272
9841
1737
17907
9939
32058
14044
19996
13020
18197
7235
7346
27468
162907
5311
642
55882
1587
86972
13729
10871
11000
18121
24305
40199
3214
1921
57066
10603
59930
4935
643
20642
6057
2947
20760
6927
6685
46024
2669
17445
13778
22921
4608
5241
46025
14790
23413
1221
8151
15969
13258
5226
5892
40407
6144
5935
35416
753
18786
19643
28121
57776
414
1832
6134
4294
28457
6576
7929
23822
9110
14531
381
2703
29541
7267
22324
16821
37226
16911
6295
4652
19221
25892
31594
26136
43743
54734
2459
33890
879
20341
26424
8601
9672
11832
10195
26343
39242
4966
23242
7291
1049
24128
5267
4333
46789
106741
15682
15929
1783
55804
14600
19593
30343
12320
68215
18641
14595
8586
62450
6835
7229
35656
9306
9090
21509
44655
4334
8308
56842
3591
1802
32473
950
5498
5905
4339
12773
11499
8317
4147
1070
512
897
6513
32307
62980
961
14022
65945
69865
10832
70
14973
19819
230
9749
65296
60322
34808
5282
74524
14209
93006
10049
1772
89
26930
11246
3473
8361
5745
5715
16915
17748
36206
15985
23961
4273
11615
134845
10573
8784
7844
15393
23549
20313
1925
63557
18737
10312
19299
4816
17304
29171
24321
111822
22319
8843
17408
37142
16885
53215
7699
14434
14236
14720
16740
437371
24140
30735
6798
5441
5909
50830
20693
9351
28119
22692
38980
9931
1811
80511
25415
17252
5723
9605
10886
14120
10947
11843
25491
23257
13611
1332
24633
25776
24172
8885
32640
6085
103
80480
3954
3370
6127
2564
8816
4857
18761
11836
752
34923
18592
4133
5116
19389
36306
172363
6643
10340
15695
25195
13171
23460
15565
12190
23546
5419
3451
113417
13435
96356
14456
24715
3743
2759
84989
12099
11117
11907
30362
74150
13712
10332
9171
7288
6099
1853
2162
31410
32523
36657
19767
26660
30086
2872
491
5847
12937
12129
12419
15225
6006
19038
21818
21195
30402
44390
7043
66887
3769
13119
49010
52238
45964
58592
17853
19608
17726
8863
24643
60852
2277
37021
12991
65847
66853
28546
436
60616
22757
29265
10371
8789
21797
6766
41816
43865
19183
7229
7345
23920
28238
137
89709
8951
238
15238
14244
2817
1302
64300
4737
38618
6120
176250
18872
8084
22647
70048
26939
14871
16321
19034
55239
27099
34921
6327
3557
30699
53419
378
11614
2957
57995
212
7992
18702
4973
17387
18274
6272
2835
17000
22448
111415
32915
6233
11931
6318
53599
16829
37215
12642
539
82876
15156
12882
5622
44764
24755
23481
36217
39188
47434
6207
5433
4482
2490
20577
27648
111873
6549
53863
13251
83025
2616
16314
13336
51882
9643
47806
23052
8093
32253
31637
18654
75653
4879
23019
1218
1012
62561
16256
1063
18171
3859
16397
2757
15264
3637
7983
55028
46
18459
29509
43515
19863
20467
34594
17553
27758
12933
24311
9699
3519
13109
13394
13992
25207
31221
3119
4283
62698
64424
2968
52495
414
635
5308
18553
8624
43958
10209
4726
11981
8760
33683
32778
50820
7064
5388
49667
6284
53577
45915
48970
12697
37097
41726
7351
5486
3694
21892
1708
48612
45587
2783
15771
18666
14970
5010
55002
9749
8091
632
16880
509
8383
2950
11781
7917
27315
21112
30013
12407
12176
46964
41250
8812
5782
26759
34965
9587
3256
22406
14235
11517
22764
31221
1792
9343
9227
19776
34135
6451
56196
16967
56755
21876
194
3967
36943
10250
30496
8192
7619
4328
693
2356
27774
39771
19048
124
30871
36709
9195
4073
22391
51096
4509
12132
52772
12066
20428
944
17201
1172
75215
7613
16377
26423
4759
22564
16375
75224
4165
1821
1183
51259
93815
33195
38138
18636
836
22400
11612
13768
5695
3806
16061
3740
15177
58484
98383
18568
19942
74993
21597
9395
30852
50499
15027
65803
5119
12623
2256
2265
2492
34087
54253
22643
4011
11187
87487
7731
33074
18651
32644
4406
36407
21284
19892
17532
9664
16369
17172
39970
38593
7838
19390
3346
18285
36056
25077
19748
1050
3829
9585
15139
3707
28564
58312
367
9842
116352
60946
5505
3790
1376
20769
14568
293
17993
14203
85276
51270
21575
2675
45743
21191
3520
44906
19846
12052
32651
71465
6785
4265
12700
7176
64421
8010
39075
60324
82877
6117
3142
14696
214
69041
13903
5229
44362
71113
26040
6411
25917
50062
10474
23707
86959
13230
4323
10395
8910
16567
1964
12777
47178
887
54619
40370
13241
19268
16982
43051
3584
3459
19988
12042
20598
2586
30931
56098
92797
35063
40996
21576
21301
29805
55384
1972
65329
2550
26070
28580
26760
14101
17205
6138
1334
12632
2965
11708
95024
13253
12120
32983
2099
17148
49526
5004
26015
9778
51583
10035
16618
12106
2797
27010
27238
6243
10702
42641
19758
18302
14927
8329
20649
4944
1430
6183
12466
15124
116000
419
4795
77532
21220
31177
5408
6324
17458
10674
1096
17025
77744
14330
33761
61429
42492
25412
40809
4807
24547
916
1454
16447
16003
2633
4953
30682
7357
11200
19241
18308
3901
9657
23092
27435
56485
12297
14453
15880
105244
29382
19764
27389
54277
6626
1925
37901
5957
3151
19065
19598
72145
11387
94762
48890
4308
5138
8127
24132
22273
47014
42975
27626
3
12068
77871
9339
30157
7725
36926
23856
11956
4924
1263
86102
3764
8071
59200
37845
35482
3919
20339
23654
453
74165
4473
39776
15807
1511
17337
6331
10078
111487
42556
1391
14276
2038
29773
2829
25411
39013
8888
23447
3181
18629
25133
2569
68058
693
385813
25843
17063
5486
720107
25327
4277
19276
7355
24169
75607
22054
6204
17162
6284
36682
23855
43499
20911
8477
83907
88494
74239
6652
6915
8246
57494
41383
9060
37996
13328
29354
568789
19652
44631
28999
1309
14871
1963
426
613
13463
2669
660
3517
73783
115
15143
42677
5708
44374
1867
21295
14046
20491
4529
24199
8465
67715
14252
26123
48293
15852
7127
12766
7155
7678
12429
9046
29694
7750
494
10260
12290
58146
5886
32810
47830
18352
16371
7450
34686
3498
4055
14722
9598
5401
45930
34727
65208
17509
5229
53486
137
8162
25532
28174
1042
39079
15208
30862
61030
13804
55716
5462
839
59327
5778
18895
29299
56597
15956
17912
58432
21827
20695
5800
1565
32316
8992
10328
19730
22933
38913
5925
10777
24367
9241
3924
11978
3907
10589
367
6098
11534
2222
1691
52695
1382
3344
46302
288
74931
47550
6537
46957
6349
52945
49926
45883
45857
3507
15667
64004
1579
14928
6097
244
2436
802
41893
16364
21221
12113
20220
65682
43611
5770
8440
9955
7437
100635
16771
963
431148
5880
305
15842
2186
1668
6183
26350
96
1054
9606
1959
16547
66753
48121
42953
28929
29007
46189
9293
32210
4700
9386
36649
114122
4531
6336
43929
59094
6456
7750
9927
5973
14564
5680
48297
11006
7884
48071
39014
10449
5947
19594
3653
6842
14501
7536
20247
29335
127456
16916
21901
55247
21820
1344
99
27396
31432
66780
2365
41163
2880
597
68862
5504
29515
16901
20314
7890
13022
2329
8846
16924
12912
19009
44097
24412
14546
6851
7519
35937
11552
3501
17928
6751
39377
25670
154572
19475
1672
39292
50129
5201
20330
19994
6996
1598
65216
2292
34292
15739
7304
13903
3766
37384
31967
8796
31267
11304
68514
21537
24696
3638
11414
30448
4452
35229
29796
5888
101736
28693
43035
54499
32099
4940
5612
14349
44604
25414
8118
22944
76328
15008
14538
3545
1918
13845
6006
4493
4532
13582
24388
3698
6345
10946
3793
10809
23062
91711
12407
19607
5644
6050
7710
70109
8923
8294
25592
6362
53219
29864
9227
2766
21096
19641
8321
1591
9352
16520
4064
6569
1915
45561
153
15271
3798
10428
1217
8749
770
5982
6196
49724
111
16515
360601
5832
13145
14744
836
27775
10990
29215
39585
7786
11117
33583
3745
27599
251
14766
4531
21077
12763
5184
31484
19402
29471
83564
62447
47860
3822
113
23662
42360
15906
6598
12849
1869
667
71992
40051
33751
1445
21582
12999
66750
8152
6590
28103
26463
5335
25153
1671
5289
16237
36791
10952
78908
40993
10697
3135
1442
50939
35071
39880
22479
6212
4996
2553
7165
30184
56745
38233
4037
5043
8185
22379
54508
13263
28175
90888
4291
67560
11729
9919
22196
53996
31498
8816
50614
100249
23787
5003
66679
12886
30327
877
22689
11163
26989
17088
528
7133
37248
17662
35414
221
41705
3207
35197
18855
11227
217
55829
38440
46078
20781
13257
6458
22876
38601
116524
4075
85484
13966
37234
4408
3124
29024
62569
36064
63816
52230
42626
18003
14256
22390
59064
48879
10711
4147
15051
11288
49176
9670
3018
10164
33818
16013
14781
27184
507
21937
52347
11661
24184
6271
92835
13011
16628
9715
17364
32119
52
10476
2255
18025
138169
37557
2782
95025
45630
30792
13471
25777
26863
7687
1524
6667
30863
29034
28000
5251
27534
11450
15130
3289
4099
51630
17208
44194
25103
742
7899
17775
20599
5868
7733
63482
10610
29701
40245
32170
17206
27956
25263
232
16278
43314
11450
4711
13762
12246
73614
15963
24789
52498
56833
7794
376
18733
19471
21273
5738
48833
26501
25602
20242
44209
4391
13528
35377
14934
47354
38351
1408
10178
13599
10516
7735
16249
7106
16764
17613
21351
10150
42218
42205
50067
13034
2819
8817
24770
13760
8343
3322
2507
6937
71278
7606
12690
18228
87541
35459
52264
18540
29600
19284
9096
48867
13039
564
25103
4459
26673
5713
6078
16267
15662
21330
35065
49436
34541
3020
4735
20285
28273
42005
44066
44728
6293
12750
9725
38752
15056
2995
20975
19995
5039
8455
5304
3037
23700
8840
50005
18503
9886
28751
82386
13342
46
107799
2385
126
27496
15298
26374
2898
3496
4586
43510
20146
77303
97900
14097
8295
19915
10082
34707
29944
3332
2714
65075
11226
126
25981
47983
2860
7838
10440
39144
8227
3838
26194
20556
13969
23296
8937
771
7245
25596
1929
29107
17770
12621
24325
127487
9270
62266
6211
31721
6433
2825
21289
78603
27504
23272
18318
5440
73559
1587
17870
12053
35548
32235
33041
5151
21828
17839
78527
66085
15631
1519
78842
2585
7508
36128
3396
6939
7268
10089
37330
5983
211
20838
4322
2237
11683
2555
3440
38667
11904
12391
7564
2170
9768
2617
5080
26953
2299
3003
16581
6029
9381
12985
711331
16970
1024
55748
3887
2393
51508
27192
6633
11385
13394
50103
23565
3344
11575
13640
66444
4972
21190
12220
26303
31043
2667
6734
1547
2177
982
5275
54200
38651
1590
27795
32618
75937
29390
37143
5780
1821
2724
13480
17721
24211
4397
43508
33347
8478
4292
315
1685
12188
47319
9926
1301
10216
19928
94985
18023
41727
4012
38452
313744
15231
1449
34217
10981
6403
20373
69902
4023
13192
22143
2921
32498
5546
13122
10785
12017
10189
16951
108856
7118
39479
36790
12203
36723
10425
2137
19008
25097
29121
16106
188
52015
12235
59601
14349
16949
2937
32402
9388
10506
37618
601953
10555
6324
10090
6121
20451
16125
13520
2070
30702
30503
17824
2017
1506
1568
26749
74464
6562
34840
16869
261
14598
36945
12098
10865
4693
33780
3310
12113
5017
41942
22456
25621
44602
12594
14830
6634
39986
34446
35084
19131
40889
25966
26658
3368
5115
3391
20335
14840
16483
38369
13771
33909
44783
19166
64057
46880
10689
16611
5775
34156
19063
62895
10197
68183
47380
13983
49951
16275
8993
4568
616
32523
47239
20565
10093
12721
1444
19748
5825
18508
1319
6113
8477
2190
47189
36762
47353
83663
26225
22620
1668
41558
18009
52004
13445
10068
28144
19524
9879
34267
28534
2690
11557
7815
1085
9098
9730
19705
46295
3108
91401
4788
17573
38066
11558
6391
2724
4479
347
15733
54743
49093
5421
38954
9200
2869
95041
40472
33534
4995
10832
29816
5338
10320
20014
3043
12731
48558
23563
5498
6124
9359
17844
23475
1931
2084
4836
693
24292
35540
9600
10790
25589
3357
50284
11422
108520
4016
5010
5072
13934
36461
7018
44370
20084
41763
10473
39273
1033
66494
238856
18519
8621
81558
28509
11246
16595
22160
32253
1100
11718
5392
868
7887
44914
6513
24539
25104
101973
17202
21940
15971
34354
16705
50067
3067
50487
160759
288
17268
25894
5573
3924
33503
27561
3774
118145
36912
10709
85862
57040
29889
3999
9385
5926
1264
35708
32361
30664
50616
14115
4587
1013
1390
29151
17189
6490
11093
53814
1623
115307
31874
12768
13051
2171
1469
1981
6405
53280
20519
22704
13859
4275
3286
15336
77603
16586
29484
4097
8448
2932
63622
6514
37160
6011
7286
10708
3351
31947
17116
10184
141931
53462
41187
317
4871
80794
17115
23464
16126
1175
172
5134
20194
9934
14337
7562
3100
5868
16008
30355
39848
12325
16932
24870
39649
9820
5417
36231
24065
7298
11607
51969
4110
1297
60084
40823
14637
3859
31166
5319
14979
72959
32425
4847
10463
1406
10700
2629
3973
12507
9761
31643
12952
14650
4439
590
4666
4324
54920
22848
21
58524
13827
35288
40691
51584
15741
33832
76245
38382
3006
3842
34277
23454
29287
49353
6371
37959
85389
8277
18230
24890
9945
3055
3375
28833
74229
60534
44781
707
13395
15532
2056
21228
4314
11236
9921
3209
1256
33081
2334
24496
10
1359
33899
58559
10848
15539
43455
78321
23771
37550
16217
16923
48986
11026
6476
6994
68017
7444
2954
16162
30928
1600
52486
8383
5345
10442
3095
289
25652
2260
43360
12492
15239
2165
23477
16230
121266
24035
15976
11692
18401
31492
8188
42010
13442
9283
18174
33714
13275
1319
18836
50541
3747
113673
11108
3382
8476
24251
8373
81870
32307
13783
8163
2122
1586
4493
10312
38537
19535
24408
12750
54194
62807
35688
9198
30566
8793
16208
6076
1096
63642
44043
44938
10439
31868
14898
1193
2947
80824
4132
6730
242
8507
32113
57829
47396
64131
52710
1328
17610
17992
14599
31940
10700
3570
5570
80873
10774
63286
94565
19188
11498
45621
3763
8168
81982
12701
25821
9122
30715
42151
6889
31450
40373
28940
26497
22647
70868
2924
3415
6171
86095
4957
14363
6461
27600
12526
33304
3438
14516
171
2280
8962
30101
865
9317
978
7787
25293
36500
27030
5837
50950
73516
61559
29150
6128
442
20495
66200
7623
14966
14094
2655
46171
55305
36814
14246
13227
6084
23244
18140
11447
18845
68366
12877
50150
14928
3294
51526
3934
93235
16648
21001
8669
54405
780
5137
63664
24771
33764
3140
10350
10608
28795
12207
52836
5768
25471
9186
19755
35833
5988
73808
31504
14850
15562
60994
13258
47644
7842
18863
1510
59262
26521
14681
4844
2042
37671
11511
6689
14762
5842
13164
52575
327
19299
13335
8746
75610
14434
6034
78985
2262
14466
23435
48648
28579
7683
2162
510
8206
11789
5197
2929
6248
75980
19586
50602
7369
31943
44582
24694
39934
3889
4694
3160
466
1378
3531
7097
19779
49245
7325
7034
2599
7600
22267
51316
5274
9949
7893
30960
1271
38241
19331
13145
19821
2356
1323
6325
7415
1442
1143
6386
50496
28525
17681
41639
38271
9119
62566
5432
53167
4795
12046
4857
27637
8273
7820
1358
23284
21081
8103
28657
29091
9014
28022
1638
16532
26625
16900
12937
46066
8939
34674
12427
28974
17769
32038
73469
34439
962
17315
46871
11290
14332
43730
38867
108288
68394
11478
13090
48498
30948
43968
616
28218
99049
3401
8934
3514
36546
41502
25552
16535
113693
36629
6486
947
1868
3808
56260
4166
15886
16359
55959
3018
20771
6414
20730
123535
6725
38951
7210
3961
70926
963
13992
16974
20400
40043
41189
14138
8601
24178
21252
43255
19855
8656
4502
39038
21488
44080
28566
30811
18918
23612
11335
18315
63
19500
3659
20739
13715
1852
2457
52
9013
11039
74031
35750
72755
46272
10741
15585
1397
28193
14101
46166
22189
5626
18956
18963
1541
66561
36937
4584
7119
75583
62669
98967
3047
42152
35787
52785
8152
20313
24006
56145
385
27664
47005
770
68434
63624
12397
3856
24420
46920
79369
53022
10674
27895
53255
11141
19109
6450
24220
6214
6178
20173
27119
43044
25304
14855
40836
36782
4292
25978
13487
38354
4737
29054
50976
5047
6131
15480
14122
46330
3511
59844
438
9263
7381
25384
42909
37227
30255
5624
3035
22542
38971
7955
642
24629
20502
162808
20712
69812
47619
9652
5171
5416
25707
12190
37163
63069
38329
28580
1956
65206
8932
2983
1581
1317
3916
42066
71308
8304
29794
33260
17765
26579
88621
42891
63506
36069
40957
14817
5394
964
6473
32774
67463
3578
12409
2958
64813
22406
7479
5446
32594
26470
51710
13976
8007
26606
4771
24650
4962
23887
1348
4642
18378
34484
67216
1519
7244
76950
37599
2467
3445
10269
14499
18257
52824
45348
22721
11468
12339
3576
42341
14472
13311
7596
8231
29881
16996
17759
20348
59070
4935
60448
2890
26203
29722
13019
21340
23469
24201
14844
23260
27690
14592
4176
4143
34756
2440
6711
29177
21240
2201
11892
2425
984
43806
11912
9751
8867
46344
9027
2125
4270
6453
10835
16161
10936
52096
6936
23561
30090
4482
5674
3779
10282
688867
31450
5628
30788
34980
820
89210
8095
7890
22476
18092
16052
19110
20591
18648
31293
3573
22527
2994
37757
1459
59217
1423
616
6735
20614
12966
6890
43332
11948
21278
42825
32458
7455
10146
13037
16324
25697
109876
8016
7767
10062
43600
3820
38946
10406
8058
63160
821
2563
36550
261
7245
16071
244246
14933
5148
51281
26700
52
34116
1943
4617
7147
1264
11754
15596
44744
1088
2122
38928
18415
16379
6739
46859
13661
1645
2271
22403
7873
118071
14541
20663
9665
26113
2821
33670
65699
65272
52558
44249
11840
2461
9874
5799
16172
6609
19358
35978
36
97132
1371
57706
32941
17206
22020
12513
5722
8955
22385
55667
14182
54446
4840
39717
4012
7231
22330
33417
63692
41075
17319
6569
4050
28089
11313
5665
10737
14327
3353
16220
21281
3269
12577
40580
28265
32797
24220
36224
21392
5018
23716
5158
52675
15987
71680
40562
29572
69273
8965
72461
858
15050
17775
71290
17596
23614
4634
17898
17363
7088
4606
19101
26476
22745
3033
20015
10640
73743
16103
689
32871
29396
37898
8850
3549
16227
51778
69777
2722
1534
6520
11283
9467
20169
55447
14432
13011
9003
403
65115
3927
7082
2971
51478
34674
41105
8921
49484
34695
12508
840
59194
8095
61136
20967
31161
45469
18740
17727
5862
40350
23182
5625
11965
28046
17585
286
2110
5782
14418
29787
33657
10265
9893
702
159226
78770
65964
71555
949
22185
77933
9641
38651
15163
3673
72346
5266
24187
45298
17322
42100
5471
11155
24525
67166
30674
32864
15629
1451
8589
34779
27523
93164
10095
31001
30387
8513
22350
10878
36494
22491
20266
24449
1199
2080
5128
1815
23452
1424
19411
20859
2279
9825
18721
14371
3751
20038
15898
40152
70147
14801
14698
12095
21149
45470
10657
10727
24645
30684
63241
54466
69879
57827
15389
7189
8734
13288
22551
20906
10172
11536
13151
2148
6406
21890
287
89736
31162
9435
218
7384
8610
54822
55804
3036
51723
16788
8905
12833
11848
684
4093
17036
12722
1672
2531
16624
22589
58084
27510
10043
22643
52763
45648
27466
31961
17329
4968
5744
238
5664
13763
6016
129748
37910
2225
6698
1503
2942
5754
22232
2181
9152
23551
1983
18736
534
34706
449
8531
25681
8326
1099
11820
14327
1412
15865
45541
14185
21061
26788
43305
17182
4543
30854
37832
24191
8438
11254
21952
47536
10052
6043
13561
17210
18602
24697
5280
5000
36521
587
39226
14797
5940
16116
13293
18605
10312
25897
31893
14115
29918
41131
1314
547384
12641
47366
21223
40424
301
38303
42050
34540
4894
50523
24179
40825
13195
27712
25336
54387
14247
49467
32258
116128
43980
16577
12515
8881
17790
268404
31161
5657
76756
18741
21765
3525
35261
19164
26007
7755
48924
27190
7564
2408
1289
2712
57841
2295
13078
50332
11199
17913
85342
7290
23781
37211
21553
10547
39322
13796
39926
4587
7393
34178
5623
14913
33389
27832
13999
5806
58866
60705
23872
806
139204
21429
17378
19782
41554
53454
8825
33359
10100
15370
466
3880
14571
4234
4342
4789
17185
37002
28212
22911
21547
83016
8542
57428
39131
1381
5357
1339
29426
31976
24982
9523
18295
19564
24343
4555
13998
11888
6548
3179
9000
37041
3140
16627
63653
18123
11905
102852
5646
30660
15136
34710
8150
24678
2820
25144
26820
28175
2683
4711
21886
31397
6122
2079
32422
15863
37256
35432
3374
51071
7344
3398
28871
22965
34919
40213
16248
46259
1617
15473
14488
7088
17637
33635
11661
24186
12886
15033
6008
31
445
15350
26350
17343
26112
50377
4500
21228
10943
36375
2963
3196
21323
5288
8819
12019
7242
7163
4493
17892
6693
27338
23007
49066
11340
1584
12981
13104
22575
9502
7294
25234
37029
4937
28541
32280
4320
13929
10320
1590
5795
11901
50225
13148
22220
22498
28667
31416
77819
27634
137701
6344
20753
4919
14171
4905
15514
2730
2560
22281
699
13319
13352
3374
8883
5864
2160
6269
7909
7269
43402
180
34352
24363
6188
16831
22392
66751
14095
3443
7926
11322
9858
11962
5560
5723
14284
7191
32711
30698
33160
3936
1178
75827
28613
19226
4014
8363
13815
45663
10517
975
54505
5987
184
5367
2968
1303
10159
2301
588
10645
21603
14709
95030
16937
12151
15601
965
33493
47512
9010
22271
7365
1843
18778
29103
25191
2488
36442
2424
5714
17802
47855
726
28163
1585
49804
6419
236
7108
7136
14441
27717
7942
4787
34527
3333
2959
32897
9601
35659
8697
28013
28138
5239
2711
22134
37676
5865
10303
8112
3189
49
20214
6348
4694
39283
28591
69525
11514
30464
15971
18076
47918
34906
28626
41224
7572
21930
2564
3099
526441
15279
4085
40732
20388
22456
3720
7068
42761
12613
19102
135304
9880
3514
15595
23459
37338
94728
14993
3558
17668
36370
26801
7563
17905
9331
61418
16150
85510
26828
54830
2476
97423
13079
22721
4426
41637
47774
8874
2591
35093
48865
14907
32400
61029
28909
35167
1426
17428
4191
20317
14170
24015
17840
13096
5641
52753
19623
35484
18577
8517
27151
18252
13243
30642
30683
10222
51971
6138
54170
34074
31135
74475
13983
15172
87202
36280
20104
20265
3784
29349
39958
21791
27599
8549
13582
20279
10805
5227
11428
33376
39275
14928
21123
83289
26504
809
51442
14492
31368
31075
98031
8532
535
3936
36534
38939
4422
35118
34206
14158
4715
25811
26919
54798
30266
1061
4912
6547
25820
77474
7125
20852
20362
65367
35844
6451
15950
2496
11882
9338
29765
5582
3972
33897
789
12071
23152
17706
9636
18245
23451
79803
29999
23658
97695
32833
18084
11715
15376
17425
8800
3316
68361
21388
9191
27847
18703
16105
29607
52973
3515
3479
16133
45728
13784
4476
461863
19006
43036
7154
1007
5299
31251
188648
2389
19280
16085
8938
538
37059
25104
1994
55446
723
49106
40124
3965
9581
11463
24773
4847
6028
13876
4168
19092
14428
40575
21126
2880
20115
6293
24832
6466
30444
16134
42011
17457
19910
2904
7051
14761
3155
188293
8926
9683
628
11021
42789
1374
34624
132464
41878
7764
21641
881
40682
3012
9527
52422
40048
3294
21646
2747
23684
65045
3378
20608
178
3872
6346
144677
5151
63155
1329
35593
14786
12720
91789
18479
12341
43850
38698
957
19930
7652
52175
17521
15220
34590
1049
10361
27968
524
33472
18239
11162
14661
9012
1698
37527
23621
17805
21214
44088
4669
3648
5090
8881
6666
12560
84722
37982
62042
11604
27422
36181
11199
23945
56246
70986
63961
43610
6252
8779
11707
29061
14686
746
23469
35548
7697
25162
26541
23411
13001
82565
17394
26722
40547
28000
9456
14906
2737
56837
29227
24071
54734
13533
18732
6712
19131
39907
72951
74668
36364
42892
53357
87708
13440
4589
18169
95410
16668
5455
41080
10624
15559
125408
10331
7638
1295
37404
15721
18897
16021
2525
52057
24220
11285
442
2036
36377
4506
15576
1533
14152
7428
5444
12763
75549
5322
2998
4910
15429
10574
1858
2204
14768
18155
14595
12069
4648
2318
3282
14347
36992
26010
39362
10464
75161
12219
27380
49088
25778
9410
71492
177
1029
9739
14118
3606
37700
124619
37255
39249
56017
56089
15437
8487
21209
2460
5948
35992
11056
45234
8310
7689
5807
41466
69629
103790
50551
8966
9246
19661
92038
52281
9708
14603
14276
8144
53490
6537
57156
19617
19295
419
17285
19803
20521
60000
1476
33715
7663
37075
14008
16910
17972
12690
26646
7077
57766
938
17399
36997
3015
8360
21292
2279
6097
6259
33024
381
130050
13893
7396
1337
23204
18716
27350
37241
16202
16137
8146
21084
16718
13024
3781
42727
68458
25164
19185
16979
17867
13297
17944
49555
1804
7928
2975
11657
24879
2192
5870
25178
87278
7014
16031
12683
9041
149
1690386
12475
4314
201
4087
24060
2121
25541
28819
7274
15761
29597
4632
10251
23121
29848
24772
30795
5016
3940
11526
3473
66727
14585
2237
4424
6777
70283
25086
45295
913
1165
3606
37404
52947
14910
49855
22389
20549
17053
41
31902
38241
22871
93523
11432
10619
34175
98915
4424
13464
97902
77172
44884
5127
52277
680
12190
18008
9414
40497
34304
100694
21482
22839
33473
29038
15624
41584
36020
133940
37700
7815
8937
25119
44891
14869
17211
10751
6931
116
56326
12729
3439
3791
12705
23952
2862
9335
4136
31420
7138
10606
22032
25852
26206
3283
5129
12772
9822
296
42162
7777
25693
50674
13360
6632
5136
59614
3536
20205
51696
10476
216242
42666
40089
63609
52860
24400
371
56117
40657
20421
49906
806
12446
3325
62647
24539
14193
12897
115046
7508
2625
53724
55060
14847
1605
4579
11608
32528
36
45510
11295
12355
22233
27362
12310
19797
3581
16779
7466
90377
49190
413
22756
30497
2384
49545
1270
13685
17361
8421
29619
10915
19213
51122
70402
4403
15205
6771
16738
33662
62645
9218
4505
14188
16725
5881
15893
94764
4664
414
36828
17142
1748
8625
90774
3208
16173
26340
41622
23314
51887
3364
23349
24952
19701
40658
26929
11594
52681
83683
2077
1107
7169
15636
50617
37215
10340
21732
28701
39633
8921
26957
42236
17831
11082
93
79338
54162
6085
132001
1233
23499
4977
19074
37182
20725
9975
15491
106465
13359
32064
35500
70289
23820
110671
2119
19371
16393
29381
12922
8123
12087
96
53255
65298
75879
30954
14719
12765
43788
3695
5816
386
8659
21819
23457
5292
110461
5564
6992
82703
39703
38906
3010
62474
991
26160
25837
24332
70490
13246
42121
12227
8656
12424
21269
19459
11795
14412
10707
157143
24904
28231
26792
72132
44007
769
10811
13636
368
19442
8520
1516
10354
374
3158
4607
7782
46823
489
26382
1621
3656
17717
5410
30306
481666
54264
18454
21231
15176
30444
47791
15674
128
10324
2496
13530
54381
1818
4658
60271
24643
15823
33218
774
227
5009
8616
79916
848
4231
35155
11351
17866
13942
23286
21813
56153
9712
5311
24698
7411
47200
8833
7448
18715
9484
17293
25615
59774
12001
8270
19802
590
1369
5089
17429
17153
5627
7885
46911
22991
8841
49366
41397
11735
5310
473
16834
3688
66050
7130
82519
20305
210
53338
32982
48425
1716
32874
24716
11620
6049
49001
24272
33243
120563
10938
23743
13663
20673
1155
12482
4285
12778
26423
5585
9845
7679
10045
6778
53772
110586
17966
78871
50231
24886
16425
9692
32341
9816
2744
88187
11496
4163
46472
25088
16876
7118
6893
8572
22919
86
46336
45557
8109
18258
11198
16886
10926
365
11610
6042
19173
20485
9050
18927
19308
36012
2651
21370
8673
623
34925
7956
23773
56030
16894
27917
5229
275188
16170
14809
15681
52121
16342
5102
18863
72154
3934
68293
2938
6525
14248
20305
27458
70968
18013
10856
55219
25414
5792
23063
38234
15970
28440
33961
4666
9356
21329
60943
15278
23822
983
25639
9870
34505
2244
45789
19227
96999
99896
25482
43864
38104
161278
1578
52086
13056
26081
27363
33991
17084
5512
1768
4740
70331
4244
6104
30282
7361
9115
38646
1126
12204
8775
10565
14909
5155
28603
4103
56740
23435
15614
10686
7667
27913
51003
22252
12081
9090
12538
4817
1703
60429
7088
61837
10281
8371
2495
998
45183
3146
7002
3632
18044
12424
10372
1130
80751
17445
41197
13761
45698
72995
94004
16678
1483
1267
18121
37389
15810
12013
1872
10332
75608
58774
3691
3641
7933
83987
6193
33327
45366
4236
22380
32910
10575
2881
18730
1146
8048
14530
11921
1673
32906
2372
19548
10953
1013
36637
26841
46893
18193
5860
30234
35544
38806
57402
28530
48800
33276
9202
57088
20018
12058
22229
36156
1338
2915
24865
4302
3988
23825
7893
31279
549
5825
5278
21191
39421
8558
3822
65167
24445
61294
3528
4030
1344
56118
8830
3708
20483
70039
66872
28158
12435
66608
15234
59340
5467
41996
9024
23392
71070
229
47658
4141
12325
1194
397
70281
38433
70455
36419
3075
5043
21935
3173
14888
15548
53524
57270
101545
40444
27689
18648
30750
45104
39570
2639
365916
5366
461
24755
21852
48691
133410
13954
9895
23248
53547
5324
33942
28948
19078
39499
9489
2388
17697
8310
18720
22536
266
494
43562
36791
20829
37761
37131
36893
5199
16043
756
18706
8594
12679
30298
2376
12962
3457
15407
7818
30503
16018
72935
8521
17372
13157
33605
24311
27752
5954
4829
11580
110760
9572
73812
25422
32102
29077
5081
42266
27232
13031
7209
37566
1001
6371
4008
1634
26255
3926
3684
46364
76268
17391
10370
18739
918
12127
6755
29183
1225
66504
92613
3014
41680
23154
11022
22755
10466
59420
9275
13637
32250
5869
3074
33834
12602
539
46029
51449
30156
48961
52194
5196
11185
12769
35030
3700
42195
7303
21120
9229
1787
33637
671
5496
6228
2093
948
26939
318
23853
1535
42922
39615
9732
45991
18137
18856
3091
25229
12017
485
20300
27225
22955
46632
4663
24984
32462
35662
6867
24260
1734
4366
41859
8613
22934
34216
13071
14002
6765
27468
12849
36604
25654
5648
29660
44928
6305
4627
7634
259
304
417
74675
332
66830
32978
32761
20040
2101
2120
313
2398
5029
33806
11531
47525
2867
51200
47485
7227
12172
24969
21706
9423
11156
35395
41131
32785
14544
3035
6967
15749
7000
18781
10126
28367
1230
1962
64587
14422
22831
8790
757
1029
15908
4543
41046
28078
3256
20473
26017
14640
128
60143
19162
14794
11746
7911
15709
139291
21741
19249
7578
4614
5590
61422
38986
25177
12609
12574
59424
19036
5442
5446
46110
8914
64857
5207
15391
12722
20497
50768
20714
12575
12892
20232
25429
9777
231
18615
14738
31409
36525
923
4600
20680
16363
26737
40081
3990
7454
23933
27545
4208
64407
3951
1661
19219
63
162707
4724
25838
8889
832
84006
20743
5287
47239
949
16788
368
10220
35258
36441
23792
3046
9472
17405
5430
6620
39409
101476
16047
8392
3269
1974
34381
15137
50621
567
39347
30474
16840
7836
7240
13487
24333
2128
7121
66118
156
42533
3637
1893
34254
8800
34423
86687
9316
20363
11393
5735
13931
9984
9915
37412
40191
43709
6772
14353
29815
2600
1336
10132
55791
4933
14852
12916
21387
45948
780
13213
9801
1178
5170
1947
66985
16687
1071
17985
10571
13365
15097
14775
21544
15466
44837
9439
30156
29898
1330
2441
9094
29869
16084
7961
11234
1743
34844
23529
8572
33840
5346
34218
7286
2190
70260
46823
16814
34399
17418
18785
13085
49669
9945
109565
3726
1014
923
18784
15517
11563
32382
22250
29667
10187
14866
7303
3175
34282
7869
7422
52369
7506
9687
5209
3431
6441
36367
91709
34173
2549
8361
7442
5884
21783
3681
12625
13187
4664
37820
307
18458
13163
4355
33877
71554
41717
56529
67109
32737
14942
20429
845
689
108159
3704
20793
65482
73326
3805
21955
2648
8719
52481
73278
37906
32494
49795
13563
20783
16203
25711
8004
449
18734
2988
39149
15196
67149
6848
31467
11563
20353
28508
40488
17573
50938
17530
341
17932
13403
22235
1205
45583
95859
19032
2756
963
4222
35798
39953
16638
23821
4163
121108
6557
18997
72797
8948
12700
28801
1702
16152
12753
11918
42631
6188
37903
10173
13226
101901
23741
546
48750
32803
53468
2924
7207
15031
30071
13514
10986
6573
21993
24416
292
10034
5774
1729
42693
24607
14701
15873
11962
38234
1557
17360
36560
27965
60086
54170
10598
19904
17120
5965
9430
9338
61855
22041
13158
34439
19188
30277
8562
56629
10220
3369
1924
28173
23159
107730
35123
7556
21633
35286
62187
3012
23001
729
5617
16481
18095
26861
29497
4736
16636
24086
17279
2456
19448
13729
13416
4354
34071
6419
74749
44648
16110
2808
1355
23605
32846
30501
11322
31177
18477
32673
36573
22767
21818
9343
18199
14590
17610
33414
41513
1749
5938
17239
7523
17304
4647
21003
45552
17349
17432
18082
33604
687
3135
25547
48467
62957
1147
5437
12298
14585
68263
22451
6586
47137
12976
54970
31783
10971
10419
2165
35991
26607
17541
2512
20500
10899
13099
32176
14252
11820
3746
20940
9178
3191
10630
8933
58005
5617
14806
16653
736
7297
8917
24978
280
2250
103
24292
32572
6253
6135
6911
94659
28014
8331
28136
8389
19709
23216
31393
691532
32316
82993
17664
5851
4910
78809
3416
57175
11906
25175
12994
42920
21735
34725
1375
11516
10084
533
1684
27606
4972
77938
963
12246
40751
47296
22155
15923
48517
37304
31088
14245
14382
1314
5232
21929
55573
15319
22595
24574
47968
30125
23044
27102
22890
13900
13483
4519
12039
189
4091
44627
6803
23186
20749
33061
9637
7451
24513
23459
6684
15084
4790
39204
18476
19680
12973
20098
29291
10290
10480
12204
11325
48265
25082
3706
55592
27730
6490
5669
7913
2224
2587
10940
31437
78538
16165
4836
11687
6150
16853
15021
547
9040
15490
16342
4306
276
2102
5591
23005
22918
10792
2845
33012
33158
24734
37684
118791
1238
29303
40148
27758
19084
23828
31821
16208
13744
16456
49720
2050
47211
51873
28856
33197
12268
14525
13510
9453
891
41964
13450
38268
14548
6398
8118
8110
21345
38706
8638
24028
53581
35853
49676
2635
4216
7179
49
44658
6598
563
11355
5395
5273
8012
11139
71003
9224
17550
13665
13008
5481
28410
23159
54167
12948
247
33752
69950
645
21555
3420
53368
87954
20740
29186
21268
3110
2377
25327
8130
39282
10403
23829
45311
10462
24524
446
9849
94594
23344
16062
127990
11185
9820
62449
3262
14630
35788
1401
7144
24926
34621
2388
35436
16413
39004
29196
17595
70669
18939
16849
81281
8307
35588
37473
27974
20327
27187
17846
3586
4405
74127
31452
47615
46501
1563
9532
2573
27906
3968
19765
1051
17020
867
23405
48064
5403
31052
28109
43305
99786
37526
224
44617
24951
5689
35195
758
61082
104270
60377
44616
61813
9644
5511
23620
9703
22156
18810
12447
55661
7149
19733
32840
2194
17774
45734
18185
64144
1810
1304
5372
25846
41833
15231
31254
19202
32766
19869
18560
32343
41038
20810
87472
19706
15671
9310
12142
18111
32362
20365
87656
37533
30355
38403
32721
4264
3022
8109
9
4527
16135
18760
45292
23216
13917
4395
59272
626
68084
8779
81283
81334
41823
19242
10027
18190
58211
4510
52227
24978
15108
1229
1770
980
7005
95840
4029
15947
6823
12736
471
5721
635
1526
6504
12885
50192
47225
24073
34106
31717
1598
6400
106850
7309
10280
9768
85290
21710
13700
43610
16649
2650
7785
5824
81845
615
56472
17741
28349
34696
78883
16206
2783
117220
39294
10185
2706
5643
12692
9776
12264
8908
11329
25232
14830
3982
23842
28529
51
15663
6128
35645
14463
635
5082
31624
4117
35416
15367
10073
12846
10365
51762
30912
10379
66419
21977
44968
16690
17507
62400
18911
8016
16369
24762
24857
39358
3026
24014
6654
44658
21754
15358
15153
2301
6565
40203
2465
24635
35470
9195
3085
2638
30604
5758
11442
11127
4178
23741
64700
8770
42682
29139
25717
3727
2568
2782
8852
10341
108962
8119
5216
26590
1732
7921
5126
20988
26955
27784
68851
91913
10452
6192
9664
25095
24589
16742
82793
26836
160
2952
62533
36413
30083
1005
9913
15051
41938
24219
28328
10977
3257
3134
11153
2831
29706
41690
26093
99547
5367
60520
257
52145
9574
10222
4151
39701
23105
5018
118235
43249
64074
23974
26072
11610
32923
18567
31768
27735
3688
12214
59218
38333
18847
60489
2233
19623
22562
4560
49652
77188
10651
436
22356
61477
3416
3547
39447
21485
11666
17189
63764
4470
11057
10063
22867
506
24147
17354
14997
327
25049
1563
48666
30892
34759
3795
30259
11015
5186
29698
14958
22754
307
15261
2223
22299
24972
157975
37070
5572
3033
12836
19983
4854
7100
31313
29426
1382
4176
38714
8350
1032
15033
47021
46777
22124
10939
1415
6061
18316
5277
15318
1671
47056
15780
4868
32095
17639
65491
30969
34245
21199
11600
91785
2747
37085
9502
9165
90767
4769
35201
18025
20910
6154
3578
15788
44915
6777
10898
22166
4151
10844
11782
1634
4803
17949
33976
12280
39429
698
15108
34410
7156
44762
68241
28154
80804
7176
6393
119020
48531
57457
2729
21637
18448
92881
12102
19296
17626
17590
9107
4315
24554
32217
309
12156
918
10959
3443
28432
71678
31616
12368
677
2001
7826
2743
21222
3063
50695
8934
2833
14402
48231
698
47656
3307
16270
31978
86785
2870
55130
3845
37946
688
6689
523567
8213
82475
24976
35527
15337
21049
54641
10605
21939
14932
7839
1297
55527
2190
14050
4960
13289
5543
44698
21630
3151
35109
16505
21433
62335
49683
21774
32206
18219
4542
62685
16199
20814
30309
23553
2213
9882
1617
7712
2261
8233
2347
64057
31059
23407
27197
13869
1411
27269
23090
21136
35015
37807
49567
18281
11082
35558
15988
24509
9862
5718
31098
62783
18881
6242
13567
27151
22655
4731
10069
119785
41518
24587
22630
10057
25360
44067
20937
137259
33538
78381
23742
10051
29771
14305
72491
4099
5370
19691
1237
18143
19413
3022
84760
34796
15810
94066
9825
6537
85631
192
31336
94299
15135
294
6488
37457
8951
26651
18964
17717
23653
37934
25808
3608
1094
80662
22105
34271
13157
9280
41657
33653
8766
12638
11488
14429
24753
54068
7500
13520
6176
17631
3016
8405
12626
2883
34463
18413
12000
3223
14404
8884
866
3145
17557
41046
25054
15092
7993
9036
53222
3597
64726
485
9647
8630
4678
7450
6208
23560
57326
19060
9107
18328
1437
3278
4640
20849
22674
14388
38897
18138
1885
19055
23546
35682
541
53694
15967
4175
24956
23901
56808
75563
16313
4511
21615
53520
9097
10122
69885
11236
33848
4607
399
76138
23985
15824
36828
2997
13996
10745
10050
73214
19339
12562
19632
3
7718
123
46171
23774
47826
21775
649
3916
39243
1073
11126
48024
16143
948
16230
23019
56147
2136
27287
25143
2026
40607
71914
9453
21064
4198
5370
1542
36101
25652
4445
12238
65198
6258
22395
5991
15846
370
16728
39948
1586
38632
1897
518199
30902
56832
34042
25599
14323
74877
61510
3007
99307
4967
43744
18690
6671
24164
4220
537
7823
4528
19628
477
61050
5432
2546
46111
6064
5096
25040
43722
56654
8541
43774
31313
35450
24776
29723
41591
41880
34469
30163
27308
15457
8701
41336
4806
10886
4036
20882
83171
1496
1697
468
31247
3254
38429
326487
45470
10040
13969
30261
28472
37690
74623
73015
6309
7499
21300
3539
15676
29523
96297
20708
31972
1876
9352
34707
56430
11746
52877
4129
8719
2373
28046
58736
41316
29801
33895
19622
9729
64067
3915
30446
771
78
17121
41729
47444
22113
1411
810
36893
39728
12024
7685
15240
3695
8825
5515
22777
22180
1410
8090
30820
22712
10449
27108
83238
8636
64145
5965
14931
36839
22754
61927
51992
11021
20209
81694
5684
22625
11013
42440
4548
9488
62122
10472
16642
10247
17024
4926
3069
11257
24682
12492
113037
3997
27536
8063
3576
32690
9125
140530
12590
5360
37895
2100
54062
26
32825
14380
1993
61473
38301
11072
20070
5492
54705
15637
5868
28243
11865
63206
16368
806
4237
57667
12052
5879
59470
18978
6970
40034
571881
12323
1228
9525
21528
14311
93106
10934
27358
12283
11761
2641
873
17084
15058
2732
8795
13392
42655
10023
10649
5055
12135
17632
42315
45357
4993
58458
34323
7079
17609
16816
4579
27122
12220
15277
1684
20474
61111
19104
35974
95079
52896
19993
16409
23586
21211
4165
27869
50490
8029
5322
8513
11576
50424
72882
41988
14714
13442
4086
5260
59241
20595
5583
11197
45992
69214
258
6108
31774
31081
59271
25860
6892
15309
7147
17884
36636
13225
13890
39561
70204
34461
6772
41097
15709
3229
21250
1760
10156
57256
28121
39492
10901
9668
16314
23255
27736
13964
1116
35474
6302
24596
26811
13471
43865
12083
73557
2427
26415
14819
6508
1640
14698
2683
24050
8108
22777
48397
77289
38085
14317
19407
59167
2492
2453
21413
41496
24929
10710
36182
78261
13544
10738
81046
7188
22773
6207
3809
14859
11606
8792
5308
96695
23378
1242
38494
17401
18817
15002
21861
10782
841
38854
41089
8514
9174
6902
14923
40709
10246
44027
10125
19727
2160
6169
19897
7751
64443
43465
2190
19016
5553
14859
45005
520
13989
40143
73628
21892
15526
11960
15537
13694
18042
88255
22575
32792
8071
17743
13684
13235
2109
1998
7728
2009
23595
4548
8628
11281
29832
64126
50561
16965
79671
50920
54341
2734
40131
380
31535
16702
6251
8927
452
6713
38379
7428
3717
20310
31789
27667
7512
34828
27769
47510
12886
35214
29394
2073
79474
35763
6109
3896
24711
21874
17595
4659
8151
23778
44988
4941
44314
42158
5922
9000
15208
5890
20085
34418
11563
7763
20618
53388
21722
33233
10315
19623
1519
17960
333
10285
3138
19598
18344
54559
44304
5163
40920
18775
14505
23340
23337
9247
16742
116
62371
1700
3931
44877
6207
84
13357
1376
40753
32530
9996
13605
1376
14842
9685
91604
11890
27293
28870
31500
10455
13633
59106
23090
3147
6608
1719
14407
3407
19846
10777
39319
11241
54117
5064
2890
49310
11757
14152
1667
7176
4042
34795
3620
54242
80846
17620
13131
49175
18916
8546
709
12975
30102
28436
55190
3059
27491
14885
10000
48854
36665
1246
41122
13142
31006
10115
22075
5888
19686
16222
15162
74755
42283
12605
8148
5085
13949
78333
25824
3998
14463
4913
12163
37020
41
21665
1133
34575
16102
643
21533
10614
42829
16026
11552
32182
26544
11727
18464
4040
6677
992
5792
12094
26774
25695
2076
4755
239
30736
9751
1475
75976
3931
13924
37114
3457
14506
6439
48041
2741
303
22070
6466
21626
2498
15811
21256
12390
8021
10336
3278
141267
5193
15085
16538
38408
4216
34667
22586
34665
5207
4555
25016
11218
1773
9464
33772
33509
5940
33408
9989
6560
13015
19583
5174
36757
14835
10033
9827
8681
3440
4086
6256
27042
41942
188
7065
10189
51022
46302
1748
3994
4103
69593
4623
10872
4857
24459
17340
2223
9341
20549
10510
2960
15410
81303
24608
14230
2437
29846
28144
9383
42626
57193
2043
33051
7736
2535
5007
1839
1586
54205
56137
26433
42887
4730
20781
2946
4962
85158
22197
15456
50675
37011
3155
9816
39696
40854
4486
7837
22662
460
33974
23596
19494
10430
11209
3466
49740
12276
19885
22811
32189
3432
4323
27670
21634
21726
1172
9847
397
3084
7362
47846
18285
29498
14149
24753
16577
28286
22439
22983
113723
2112
33518
975861
56987
27264
9188
93359
7172
12992
11022
25593
6388
44316
965
33612
12376
10685
82335
2613
11304
6835
3785
34536
4467
41169
3450
9282
40845
12161
2288
8238
6021
42200
18730
39220
40277
81199
25304
3879
10897
33769
68589
24102
3793
16192
4491
39957
843
83374
87399
6305
3999
23351
387284
5157
6275
11295
69437
10862
29015
15689
19256
2098
2097
19091
555684
5042
8382
8118
20032
13584
6588
4605
14396
10851
8569
19065
31519
2148
267
120636
15455
24491
9457
5277
77098
5441
78977
40210
17099
15211
1085
15977
9581
1212
9503
55
16178
11104
40519
33032
7638
17953
17345
8946
3801
9644
11006
3376
5509
29391
10946
18014
3461
9116
56146
44460
12069
7836
6611
54854
54647
28802
21051
66009
4581
18811
52382
44805
27600
6413
17545
2404
10359
31311
33250
7575
5258
35367
5642
8937
48061
6461
3317
14596
49487
974
11945
16382
37431
12771
7847
21546
47672
63566
42248
967
6488
17427
23239
117738
789
10310
3881
2637
54812
13439
12266
41348
16001
16036
141015
9414
4404
26342
12889
8492
55067
52694
4541
53907
3139
82782
42
33510
458
411
10981
5430
32543
24963
107360
18192
15352
60445
27249
42536
9657
9580
22985
14900
1300
12384
1985
10263
28656
15294
18708
1173369
6735
20002
15513
3426
54029
5808
4060
14746
18863
32798
6233
8364
12256
8877
7517
5842
16349
10165
47378
17365
1100
12607
36953
4677
4876
51201
23866
4062
1740
4728
24194
8436
5225
9606
8569
90139
5087
34837
8803
5594
62355
21493
40917
20836
18464
80820
38862
16601
32406
25959
7993
6424
26891
25945
35945
60040
16889
36809
1090
13737
9256
36677
3923
2467
12424
32528
46501
55807
9135
23557
13067
33716
2317
1628
29927
16641
1861
6951
30241
21517
21898
23931
11293
9039
10391
19377
191
68653
22538
9215
60008
18
10901
116449
910
6133
40190
6343
76368
63092
10116
1113
7885
43570
21489
54225
3325
3434
2758
2618
19412
28971
14194
23556
2309
19248
12161
7069
3655
34874
16162
19185
2746
15735
63778
120849
31698
7888
6765
7705
663
2836
8658
1723
23314
15692
14284
2300
3413
12537
12986
75084
22496
4003
25410
7406
7767
3374
1081
20546
30754
272
34892
35969
5456
4219
10574
64192
67546
771
38850
14566
60050
49038
4630
95885
2482
5661
24005
15680
28408
4976
22263
44546
663
4830
10816
34922
76565
62527
27228
34280
12283
36290
23491
18610
122567
3187
5464
38296
68515
21055
1097
5631
16951
1975
22148
9243
39972
51444
14848
8327
13743
514255
115955
4778
20205
19893
98444
3569
4454
18644
29823
53373
63121
3441
17715
15687
16259
16200
14475
18376
70891
15151
35121
7783
89854
34118
13508
36239
48589
11963
24326
6240
1856
1193
6668
6434
10942
71505
13061
77761
28537
12481
6847
3506
79770
54260
23450
51756
70645
8088
24398
300
76
5408
39032
