3452
18995
3826
4388
47149
3649
441
54194
7205
5595
10855
27234
43995
55191
44682
4361
32710
25550
20704
7122
25453
42209
42019
9112
11198
7151
3694
48596
78946
5111
60897
18266
9051
116135
575
44112
31438
54599
76090
16360
70851
7617
25999
34275
3441
32204
19981
100294
26184
57823
6169
107684
7295
49120
4920
17477
25340
19841
1312
45775
14423
14553
9665
43040
95349
9221
13850
39884
26573
8195
25094
3522
16733
2828
2022
46812
70799
21484
6433
26000
336677
254
5552
1573
4536
11512
1908
7548
7189
38752
73754
6021
20966
2665
101
13368
6919
6947
4495
38983
34626
10978
5388
11714
68212
45387
20402
27069
45991
5527
6925
6809
11001
6222
9884
8844
18634
37705
6017
459
36956
12480
2340
18577
90629
59787
9971
3936
729
13860
6128
1473
12445
15319
8899
1039
5851
8983
87004
921
21444
35111
3156
10257
1511
262
11151
35202
528
15965
1605
10224
4886
5312
13333
8030
10771
14410
8360
18175
16606
142
51698
49305
7493
33962
3698
4572
23523
19697
12238
19053
31021
29060
48760
24188
18675
24412
7775
25701
95957
29008
41496
24064
10536
10000
27589
69406
30926
2469
1671
25041
25357
21813
9408
1639
758
14778
33348
5820
47077
9503
40183
9711
1524
1608
8065
68390
18730
92943
8151
2868
31475
5185
16529
7957
27689
3764
1096
100936
124
44988
29929
19014
8180
169217
1615
72459
39599
68248
14022
20188
34503
2289
195
3835
32898
30703
43705
2668
5412
19877
30580
22888
10029
21403
13327
39442
4908
15504
21154
15716
20761
595
19858
19155
68812
4839
2419
8393
15482
13092
29343
3140
99012
73100
14752
16214
9313
14637
12765
25369
10215
50392
17886
10353
4685
23980
29166
29294
12255
2999
26886
22268
30799
14443
5246
7263
16984
30054
48079
50918
17919
20806
1228
10029
4863
8252
2245
14230
6167
18125
33308
6043
19021
130090
19843
1341
8109
105
10204
239
5275
22786
37519
28934
14952
30938
8357
8619
25229
2361
68823
448393
46505
35440
13363
10568
6016
3005
12662
3828
8084
6470
26026
20554
42086
5030
26707
35152
17547
72907
4139
18117
2567
5083
10207
7177
145377
56058
7831
47990
51831
215
11539
40972
5674
1921
25412
19171
52114
3937
43991
2002
48581
1688
0
23216
4252
8393
15035
13145
10337
38693
11107
3026
18199
2238
4239
18737
16191
3984
20595
71009
14397
23113
10
33652
12679
1034
8383
2030
15949
32852
13187
4237
35253
27849
7766
81069
31280
28588
51535
64353
14531
1061
2488
7266
37308
54899
26683
2099
38393
2429
33560
10161
383
875
4368
18938
10602
7209
15095
126962
4928
17038
17188
17332
56815
29729
7956
8218
98295
4739
15257
6249
2790
4523
10980
42969
25010
19371
123
30093
1711
50701
8594
15040
60100
9264
23084
11484
28487
24034
12311
7021
479
23385
3133
942
26173
1935
3900
20057
7449
13076
15434
732
5670
14607
3909
9725
50474
1776
19038
25538
5378
1430
6473
37824
14432
23833
41000
42396
9947
11692
25486
13269
31426
624
91
20900
4030
7414
10305
52315
15168
12314
21638
6277
5749
8042
48585
94153
11385
86913
25554
1296
62207
23642
13571
4399
24751
35128
2878
30534
247544
41384
4724
2615
12558
4990
18288
5040
258
10491
13809
2122
5065
11318
19727
6549
25226
7992
56160
16330
4614
24124
29085
11823
365
36261
30253
34412
56925
24959
25221
32453
13563
53508
765
1968
26877
48080
11890
27034
2988
24477
14883
3633
30799
30000
13251
48166
18778
7617
25493
36232
1350
7424
4397
36575
8832
9296
26771
64839
11960
15983
4238
36542
26044
13700
64275
10215
45227
11156
37325
10263
812
4096
5224
9913
56805
14995
22112
2823
13761
52799
16632
3428
912
19920
8840
34726
20850
3026
6638
22060
5052
31448
6017
1429
74243
6829
18913
39038
29018
30771
27472
4601
2169
41151
1607
3805
16776
24786
28552
20675
8101
269
11691
9966
19180
9579
31050
723
338
11335
838
24887
3010
32315
19316
56823
31196
38146
15864
24665
2271
17425
22002
49160
9722
16385
49238
37383
20038
9141
870
40226
1141
44150
6843
19978
13407
22502
19076
34013
12895
16773
12411
40547
12218
6159
61023
16365
8589
40662
1488
21714
4418
18618
7449
30389
6091
23547
8251
32241
11056
11018
60404
4528
121000
69066
3864
48005
16399
35595
13262
73025
13606
3448
10723
17856
1889
12337
32305
2813
15582
18060
35586
48586
19658
4184
67278
2168
76643
31504
327
34726
4820
2936
36654
20994
46452
31303
4407
16588
2622
5616
7507
4108
4627
75408
1124
11643
657
116876
22316
5985
3343
29300
29159
41299
3795
11830
18607
25550
26998
22745
27566
46599
33840
18221
60573
2647
26748
426
1615
1930
6431
39860
31659
7302
37149
10747
2135
13192
69919
36829
11936
13382
8982
13161
12245
14667
18828
45989
19077
22584
12634
9603
31839
44995
24180
13403
514
314
10130
620
23382
7425
18598
8099
16007
49912
38573
34070
30392
3635
71091
6586
5407
764
10283
21428
28657
21340
20008
9052
19280
8329
25596
52872
28413
40062
2591
3693
15823
51991
95
12201
53488
16407
100014
2177
4280
15508
2294
24674
23510
5651
58676
16413
943
8794
15037
7093
7171
38609
4692
2574
24982
37602
47493
31286
15371
5505
56871
3502
18633
9772
1978
44590
74361
5499
5926
4198
2215
10899
25636
14504
14204
1685
24647
13588
5908
34168
8965
20107
36772
3540
9327
4809
18769
7427
17720
73460
8659
29318
47787
9425
73798
13045
5800
14581
24415
53629
56456
15978
37955
8354
7317
4268
4509
2373
32849
7895
21390
47864
3894
243487
2956
18134
19177
2409
13252
66209
4220
5918
13414
67645
996
3696
20466
64386
40024
71601
77863
606
18927
8934
8299
57478
20201
20619
4628
26713
6515
2024
13315
27896
42485
310
54133
2386
8231
16544
19602
56001
54371
18513
21743
32661
30472
7837
32424
9354
11850
15828
3524
16357
6868
2489
89137
57029
8659
17421
2680
95973
61613
44052
2183
8369
19547
55858
5368
58996
53565
23471
26710
28104
72964
29697
6620
13536
8206
9437
6100
166255
26449
12942
21304
2669
2481
8412
11710
81640
69430
19399
12346
11156
18687
18413
13374
36076
9098
10162
29942
55263
